0.00000 0.61781 0.54791 0.62683 0.66404 0.66404 0.31680 0.46674 0.47802
0.61781 0.00000 0.33145 0.51635 0.60654 0.60654 0.57046 0.49154 0.63472
0.54791 0.33145 0.00000 0.34160 0.50507 0.50620 0.46900 0.33822 0.57046
0.62683 0.51635 0.34160 0.00000 0.30891 0.32356 0.58963 0.53326 0.63360
0.66404 0.60654 0.50507 0.30891 0.00000 0.49944 0.64149 0.61105 0.67418
0.66404 0.60654 0.50620 0.32356 0.49944 0.00000 0.64149 0.58625 0.67531
0.31680 0.57046 0.46900 0.58963 0.64149 0.64149 0.00000 0.27847 0.29425
0.46674 0.49154 0.33822 0.53326 0.61105 0.58625 0.27847 0.00000 0.45434
0.47802 0.63472 0.57046 0.63360 0.67418 0.67531 0.29425 0.45434 0.00000